C
C*****************************************
C*****         MOORING LINES         *****
C*****************************************
C
C
C***  BETAL(I,J) FOR EACH LINE
C***  (下記において0の欄は初期張力を表す。また単位系はkgf, kgfm。)
C
C---- L= 1
C
  0  0.15194d+05 -0.87723d+04 -0.30091d+05  0.43911d+05  0.16396d+07 -0.45582d+06
  1  0.12908e+04 -0.74525e+03 -0.85630e+03 -0.22197e+04  0.40650e+05 -0.38725e+05
  2 -0.74525e+03  0.43027e+03  0.49439e+03  0.12815e+04 -0.23470e+05  0.22358e+05
  3 -0.85630e+03  0.49439e+03  0.88569e+03  0.36078e+03 -0.45397e+05  0.25689e+05
  4 -0.22197e+04  0.12815e+04  0.36078e+03  0.77081e+04 -0.53962e+04  0.66591e+05
  5  0.40650e+05 -0.23470e+05 -0.45397e+05 -0.53962e+04  0.23496e+07 -0.12195e+07
  6 -0.38725e+05  0.22358e+05  0.25689e+05  0.66591e+05 -0.12195e+07  0.11617e+07
C
C---- L= 2
C
  0  0.15194d+05  0.87723d+04 -0.30091d+05 -0.43911d+05  0.16396d+07  0.45582d+06
  1  0.12908e+04  0.74525e+03 -0.85630e+03  0.22197e+04  0.40650e+05  0.38725e+05
  2  0.74525e+03  0.43027e+03 -0.49439e+03  0.12815e+04  0.23470e+05  0.22358e+05
  3 -0.85630e+03 -0.49439e+03  0.88569e+03 -0.36078e+03 -0.45397e+05 -0.25689e+05
  4  0.22197e+04  0.12815e+04 -0.36078e+03  0.77081e+04  0.53962e+04  0.66591e+05
  5  0.40650e+05  0.23470e+05 -0.45397e+05  0.53962e+04  0.23496e+07  0.12195e+07
  6  0.38725e+05  0.22358e+05 -0.25689e+05  0.66591e+05  0.12195e+07  0.11617e+07
C
C---- L= 3
C
  0 -0.10743d-11  0.17545d+05 -0.30091d+05 -0.14419d+07 -0.78178d+06 -0.45583d+06
  1  0.64526e-29 -0.10538e-12  0.60543e-13  0.24106e-11  0.15730e-11  0.27379e-11
  2 -0.10538e-12  0.17211e+04 -0.98877e+03 -0.39369e+05 -0.25689e+05 -0.44716e+05
  3  0.60543e-13 -0.98877e+03  0.88569e+03  0.39135e+05  0.23011e+05  0.25689e+05
  4  0.24106e-11 -0.39369e+05  0.39135e+05  0.17594e+07  0.10168e+07  0.10228e+07
  5  0.15730e-11 -0.25689e+05  0.23011e+05  0.10168e+07  0.59785e+06  0.66743e+06
  6  0.27379e-11 -0.44716e+05  0.25689e+05  0.10228e+07  0.66743e+06  0.11618e+07
C
C---- L= 4
C
  0 -0.15194d+05  0.87723d+04 -0.30091d+05 -0.13980d+07 -0.85783d+06  0.45582d+06
  1  0.12908e+04 -0.74525e+03  0.85630e+03  0.36314e+05  0.18403e+05 -0.38724e+05
  2 -0.74525e+03  0.43027e+03 -0.49439e+03 -0.20966e+05 -0.10625e+05  0.22358e+05
  3  0.85630e+03 -0.49439e+03  0.88569e+03  0.39495e+05  0.22386e+05 -0.25689e+05
  4  0.36314e+05 -0.20966e+05  0.39495e+05  0.17688e+07  0.10114e+07 -0.10894e+07
  5  0.18403e+05 -0.10625e+05  0.22386e+05  0.10114e+07  0.58850e+06 -0.55208e+06
  6 -0.38724e+05  0.22358e+05 -0.25689e+05 -0.10894e+07 -0.55208e+06  0.11617e+07
C
C---- L= 5
C
  0 -0.15194d+05 -0.87723d+04 -0.30091d+05  0.13980d+07 -0.85783d+06 -0.45582d+06
  1  0.12908e+04  0.74525e+03  0.85630e+03 -0.36314e+05  0.18403e+05  0.38724e+05
  2  0.74525e+03  0.43027e+03  0.49439e+03 -0.20966e+05  0.10625e+05  0.22358e+05
  3  0.85630e+03  0.49439e+03  0.88569e+03 -0.39495e+05  0.22386e+05  0.25689e+05
  4 -0.36314e+05 -0.20966e+05 -0.39495e+05  0.17688e+07 -0.10114e+07 -0.10894e+07
  5  0.18403e+05  0.10625e+05  0.22386e+05 -0.10114e+07  0.58850e+06  0.55208e+06
  6  0.38724e+05  0.22358e+05  0.25689e+05 -0.10894e+07  0.55208e+06  0.11617e+07
C
C---- L= 6
C
  0 -0.10743d-11 -0.17545d+05 -0.30091d+05  0.14419d+07 -0.78178d+06  0.45583d+06
  1  0.64526e-29  0.10538e-12  0.60543e-13 -0.24106e-11  0.15730e-11 -0.27379e-11
  2  0.10538e-12  0.17211e+04  0.98877e+03 -0.39369e+05  0.25689e+05 -0.44716e+05
  3  0.60543e-13  0.98877e+03  0.88569e+03 -0.39135e+05  0.23011e+05 -0.25689e+05
  4 -0.24106e-11 -0.39369e+05 -0.39135e+05  0.17594e+07 -0.10168e+07  0.10228e+07
  5  0.15730e-11  0.25689e+05  0.23011e+05 -0.10168e+07  0.59785e+06 -0.66743e+06
  6 -0.27379e-11 -0.44716e+05 -0.25689e+05  0.10228e+07 -0.66743e+06  0.11618e+07
